1	[49025, 20278425376.0]
10	[40164, 20000000000.0]
12	[40882, 22167999998.0]
14	[43876, 20800928824.0]
16	[41684, 25000000000.0]
18	[43785, 40000000000.0]
21	[42735, 21000000000.0]
23	[64289, 23090062212.0]
25	[58075, 20000000000.0]
27	[44449, 31000000000.0]
29	[47036, 23092151921.0]
3	[42346, 21000000000.0]
30	[39178, 20000000000.0]
5	[37690, 200000000000.0]
7	[41941, 20000000000.0]
9	[40517, 20000000000.0]
11	[41070, 20000000000.0]
13	[43673, 22184037295.0]
15	[45330, 20000000000.0]
17	[40738, 20000000000.0]
19	[39289, 20000000000.0]
2	[43519, 20000000000.0]
20	[42125, 61000000001.0]
22	[53585, 23462045116.0]
24	[36861, 25000000000.0]
26	[40804, 25000000000.0]
28	[48388, 30000000000.0]
4	[32572, 20000000000.0]
6	[34391, 25000000000.0]
8	[41569, 20000000000.0]
